328
   19.0620    42.7150    10.7180
   20.9140    39.7530    12.2050
   24.0300    40.8030    10.3290
   25.3350    43.9500     8.6660
   25.5490    44.0430     4.8950
   27.8650    46.5560     3.2390
   28.7010    47.3040    -0.3800
   31.2350    44.4560    -0.3120
   31.0040    42.7030     3.0540
   28.7260    40.9340     5.5210
   29.6450    41.1560     9.1860
   27.7840    38.4600    11.1360
   26.9740    40.8650    13.9820
   23.9420    43.1360    14.5680
   24.5470    46.8700    14.1810
   21.8400    47.9850    16.6060
   24.6580    49.2830    18.8180
   26.3880    51.0100    15.8960
   29.6790    49.2710    16.6170
   29.9030    47.2910    13.3660
   32.5570    48.6030    10.9450
   33.7690    47.4260     7.5300
   36.3340    44.5710     7.6240
   38.1870    46.6430     5.0410
   38.2800    49.8720     7.0730
   38.8030    48.9330    10.7350
   39.6800    46.2080    13.3010
   36.8890    43.7480    14.1280
   37.6440    43.3840    17.8370
   33.9900    44.0270    18.6790
   33.2880    40.6230    17.0590
   35.3240    38.5520    19.5290
   38.1830    38.8480    22.0480
   41.5460    40.1020    20.6900
   43.2230    37.0480    22.1480
   41.0980    35.0100    19.7190
   42.5500    37.0190    16.8230
   45.9360    36.1890    18.2770
   45.0130    32.5070    18.2140
   44.1360    32.6970    14.5130
   47.3810    34.5640    13.8560
   49.3670    32.0110    15.8350
   47.5280    29.2910    13.9490
   48.2780    30.7190    10.4930
   51.8730    31.1700    11.5350
   52.1590    27.4440    12.2860
   50.5330    26.5630     8.9800
   53.0410    28.7370     7.1800
   56.0240    27.4170     9.0820
   54.8500    23.8190     8.5790
   53.4990    24.2030     5.0530
   56.4900    26.0310     3.5980
   59.0560    23.3210     4.4440
   56.9800    20.1380     3.9290
   55.7350    21.1680     0.4920
   59.0240    22.5790    -0.7490
   60.7510    19.4530     0.5520
   58.2380    17.3120    -1.3190
   58.7860    19.3720    -4.4720
   62.5720    19.3840    -4.0370
   62.9280    15.6420    -3.3000
   60.7460    14.7990    -6.3230
   62.6810    16.9070    -8.8140
   65.9640    15.5390    -7.4790
   64.9790    11.8710    -7.8990
   64.4100    10.8580   -11.5180
   62.8290     7.5040   -10.6050
   59.9460     9.5000    -9.0690
   58.0500     9.8900   -12.3550
   54.7920     7.9620   -11.8960
   51.2910     9.5110   -11.8820
   51.2490     9.5900    -8.0750
   54.6780    11.2390    -7.9460
   53.3460    13.7670   -10.4370
   50.1080    14.4340    -8.5640
   51.8410    14.9760    -5.2700
   54.4330    17.2880    -6.7810
   51.4070    19.1830    -8.1160
   49.8320    19.4770    -4.6690
   53.1830    20.6310    -3.3160
   53.0560    23.5280    -5.7620
   49.3760    24.2030    -5.0210
   50.1650    24.3210    -1.2980
   53.0710    26.7250    -1.7540
   50.6080    28.9670    -3.5720
   48.2150    28.6850    -0.6490
   50.9440    29.3860     1.8700
   52.5850    32.3190     0.1130
   49.7290    33.6380    -1.9610
   47.1310    33.4390     0.7680
   48.2010    32.5130     4.2980
   50.7060    35.3700     4.5940
   47.7300    37.6730     4.0350
   45.3500    35.8770     6.3810
   48.1120    35.9050     9.0110
   48.7000    39.6180     8.5990
   44.9490    40.2210     8.5140
   44.4970    38.3060    11.7780
   47.2270    40.3960    13.4170
   45.5030    43.6780    12.5440
   42.0510    42.1890    13.0590
   40.8970    43.1910     9.5840
   41.8470    43.3960     5.9050
   44.2020    46.3810     5.8950
   45.0350    45.3200     2.3430
   41.3830    45.9620     1.4910
   39.4760    43.8760    -1.0890
   42.6780    43.0930    -2.9250
   43.9220    41.3010     0.1860
   40.6290    39.4660     0.5160
   40.9020    38.3230    -3.0840
   44.3370    36.8700    -2.4330
   43.1540    35.0260     0.6840
   40.0530    33.7010    -1.0400
   41.6160    32.8760    -4.3830
   44.5440    30.7270    -3.2250
   42.4720    29.0030    -0.5960
   39.8300    28.1380    -3.1680
   42.5200    27.2970    -5.7200
   44.4380    25.0500    -3.3360
   41.3220    23.2540    -2.1500
   40.0250    22.6560    -5.6800
   43.4250    21.5710    -7.0030
   43.4440    19.0030    -4.2280
   39.8750    17.9030    -5.0920
   40.4150    17.5120    -8.8060
   43.7980    15.9250    -8.1740
   41.8930    13.2610    -6.2490
   39.8030    12.6920    -9.3760
   42.8850    12.1840   -11.5420
   44.3460     9.7380    -8.9900
   41.1450     7.7230    -8.6650
   40.9240     7.4670   -12.4490
   44.5880     6.4880   -12.6040
   43.9370     3.8300    -9.9190
   40.9230     2.7330   -11.9580
   42.8280     2.4260   -15.2220
   45.8610     0.7870   -13.6070
   44.0100    -1.6580   -11.3510
   41.1950    -2.7140   -13.6750
   42.5910    -1.7010   -17.0680
   39.1140    -1.2940   -18.6580
   40.1240     0.5600   -21.8280
   42.1670    -1.3970   -24.4000
   45.9540    -1.7750   -24.4790
   46.4320     1.7330   -23.0950
   49.2100     3.3610   -21.0620
   48.5490     5.9850   -18.3850
   52.1980     7.0590   -18.4480
   54.1980    10.2360   -18.0180
   52.4300    11.9750   -20.8740
   49.0160    11.5690   -19.2860
   50.5300    12.5830   -15.9560
   51.3010    16.0340   -17.3750
   47.8490    16.1960   -18.9520
   46.4590    15.1020   -15.5990
   48.1730    17.9500   -13.7900
   47.1570    20.6090   -16.3310
   43.6180    19.3180   -16.0070
   43.4710    19.9780   -12.2280
   44.5930    23.5740   -12.7960
   41.9390    24.0980   -15.4370
   39.0960    22.9320   -13.2440
   40.3910    24.6690   -10.1170
   40.7830    28.0010   -11.9420
   37.3140    27.5060   -13.3920
   36.1580    27.6780    -9.7890
   38.5830    30.1720    -8.2260
   38.9190    32.8370   -10.9390
   35.3510    33.7350   -12.0450
   34.7590    35.4980    -8.7040
   37.7930    37.6940    -9.4720
   36.1650    39.0910   -12.6220
   32.4530    39.4950   -11.9130
   30.8920    36.1010   -11.1930
   30.3260    35.9990    -7.4310
   33.1250    37.4610    -5.2850
   35.5470    36.8010    -2.4440
   34.2140    38.1730     0.8320
   35.2230    38.1910     4.5180
   33.8910    35.3590     6.6960
   33.4760    34.6450    10.3910
   35.6780    36.9250    12.4480
   36.3650    38.6010     9.1070
   39.9720    37.4360     8.8280
   39.6690    34.9460     5.9930
   37.7540    35.2550     2.7380
   35.4610    32.8060     0.9710
   32.9050    32.7160    -1.8340
   29.8470    34.9060    -1.2040
   27.2100    32.5510     0.2230
   26.0330    35.4870     2.3560
   24.2090    37.7730    -0.0610
   22.3440    37.4110    -3.3600
   24.0700    40.4980    -4.8110
   22.4810    39.9640    -8.2390
   25.0260    42.2480    -9.9840
   27.6480    39.5270    -9.6830
   25.1170    36.6900   -10.0080
   26.0550    35.1800    -6.6570
   23.2700    32.5890    -6.5000
   24.2090    30.9160    -9.7790
   27.9020    30.6800    -8.8860
   27.3170    29.0100    -5.5310
   25.1980    26.4200    -7.3270
   27.8370    26.0050   -10.0250
   30.5250    25.6000    -7.3540
   28.7790    22.9450    -5.2160
   27.6560    20.9810    -8.2500
   30.6620    21.1340   -10.5590
   33.3780    21.7350    -7.9910
   32.2430    19.4230    -5.2190
   29.5100    16.9540    -6.2160
   30.6080    15.9570    -9.7250
   34.1980    15.2980    -8.5540
   32.8390    13.1370    -5.7020
   30.5760    11.2570    -8.1280
   33.6100    10.4740   -10.3070
   35.7310     9.3090    -7.3810
   32.8260     7.2560    -5.9950
   32.4680     5.5840    -9.3810
   36.1680     4.7030    -9.4380
   35.9270     3.4300    -5.8700
   33.1050     1.2590    -7.1440
   35.2380    -0.2720    -9.8870
   38.0560    -0.9950    -7.4070
   35.9610    -2.7120    -4.7250
   34.3690    -4.8500    -7.4530
   37.7230    -5.7950    -9.0470
   39.7480    -6.2970    -5.8570
   36.8730    -8.7620    -5.3900
   36.0170   -10.7540    -8.5560
   37.3360    -8.8690   -11.6050
   41.0030    -9.1730   -10.5680
   41.2500   -12.8840    -9.7150
   40.8970   -13.2470   -13.4850
   43.4680   -10.5270   -14.1990
   46.0630   -12.7640   -12.5520
   47.3510    -9.8040   -10.5370
   50.5240   -11.3390    -9.1010
   50.4670   -11.0820    -5.3040
   53.8210    -9.2580    -5.5600
   52.5030    -6.2500    -7.4850
   49.1640    -6.0700    -5.6710
   51.0240    -5.5580    -2.4010
   52.6790    -2.4420    -3.8670
   49.5930    -1.4090    -5.8480
   47.5080    -1.8430    -2.7240
   49.8740     0.4210    -0.7970
   49.1620     3.1450    -3.3420
   45.4470     2.4310    -3.5680
   45.1150     2.5530     0.2020
   46.9110     5.8790     0.1990
   44.6210     7.4790    -2.3550
   41.6260     6.3430    -0.3180
   43.1660     7.9400     2.7930
   43.8250    11.1500     0.8490
   40.1900    11.1330    -0.1970
   38.9780    10.6480     3.3560
   41.3280    13.3450     4.6880
   39.9040    15.7760     2.1450
   36.3600    15.0640     3.3420
   37.4490    15.4280     6.9690
   39.1240    18.7070     6.1040
   36.4910    20.3030     3.8560
   33.0690    18.8530     4.6620
   32.7770    21.0640     7.7870
   33.3380    24.1750     5.6430
   31.0910    22.8150     2.9330
   28.2390    22.3040     5.3720
   28.3990    25.7400     7.0150
   28.6770    27.3500     3.5830
   25.6460    25.4500     2.2840
   23.7640    26.3070     5.4400
   24.5370    30.0170     5.3340
   23.5960    29.9670     1.6620
   20.1630    28.4960     2.4150
   19.6150    30.6440     5.4930
   20.8820    34.0160     4.3790
   20.1580    36.7120     6.9160
   19.6460    34.0960     9.6320
   21.1580    34.6620    13.0650
   24.6960    33.2980    13.2140
   27.8880    34.5380    14.8270
   31.4250    35.0520    13.4770
   32.5690    31.8460    15.1530
   30.1240    29.8120    13.0880
   32.3320    29.9410     9.9870
   35.6960    30.8070    11.5320
   36.4040    27.3500    12.8970
   35.5070    25.4010     9.7670
   37.2750    27.8950     7.4730
   40.5880    27.9970     9.3340
   40.3900    24.2630     9.9240
   40.0980    23.7100     6.1900
   43.3690    25.5830     5.7040
   45.1890    22.5190     7.0030
   44.6280    21.4090     3.4080
   47.9110    23.1590     2.6280
   49.6920    20.6580     4.8880
   48.0600    17.2200     5.3320
   48.7450    15.7860     1.8590
   52.5640    15.7870     1.7970
   52.3950    14.2820     5.2920
   50.0660    11.4450     4.2640
   52.4510    10.9820     1.3290
   55.6200    10.7700     3.4010
   53.8930     8.4050     5.8620
   52.2650     6.0330     3.3680
   54.5870     5.7700     0.3650
   57.8150     4.0120     1.3410
   59.5460     4.9030    -1.9020
   58.9070     8.5880    -1.4510
   59.8540     8.3470     2.2020
   63.1930     6.6080     1.5360
   64.0800     9.0960    -1.2070
   63.3610    11.8630     1.2720
   65.6160    10.4280     3.9830
   68.2250     9.9840     1.2670
   67.8850    13.5840     0.1050
   68.0560    14.8310     3.6930
   70.9730    12.6150     4.6860
   72.8250    13.0040     1.3720
   73.5890     9.8020    -0.4820
   72.8820     7.1690     2.1610
   69.8290     7.0500     4.4190
   68.0870     7.3300    -4.6110
   67.0570     8.0350    -8.2140
 
